385 6611116111

ge'm 6111 mam, 61161 61146161 6161111161 6661616111 6166111
161166 111. 28 Si agnoverit 6616661Ι 6661611166, 611,
’ 6111661 166666 16616, 66616111 1616316111, 1666116661,
pro 11611116, 611611 66161111, 6616166661111166111661
31111 1116116166 41166616116,616116161161 111616 111 16666111
³ -16161616661116161666161161 361616166661664161.
1661 sanguinis digito 111166116 6161666666 616116 ho}
1666616166, reliquum 66161666616616 61166161 611
116116 6166. 31. Deinde 1641616166116661,·666111661166
661 fieri 6611116 6661116116111166661646
61161661 1116116111 quod 316166166116661166111161661.
1166 16116116 'sacerdos 6616 ’16641161 61 666666111161
61 - 3619661111 ’116 4166616661116611116166116164
661616616116116 6616 166111, 16661166 111, 6116666 ‘vno
331614166611666661 6166 66611161611661161 ’61161616
11611116161666611161161661111616 6166166161 34
86661666 66116111 166361616””611116166 116111641166616116
63616 11166 ,111 6666661666 1616616616
1611661116 vem 1663616616611661161 66111161111116466
3-3· 1111166111 6616 66116116116666161116661616 1611116111
1161161616 ove sacrificii eucharistici, 61 1116661161 661616
166616161166161161116661661 16616. Sic 616161 116·
6611166 11611166161666 6661166616 ur 61 ,

 

