1111114111 ’63)

4444441414 1411111111)1111141111), 93. 1111111111) 11

41111114 11411111), 11 11111), 1))1111414111-41111111 111111111-

999999992« 14. 4111111111 11111111 4111111)θί vestri
4444414 J ,4411411114 1114441111 1111141111) ’
4444441415 4114111411) deserum 11111111) et 11111
41444 4144111) serpentes, 1111111 scorpiones 1111411111-
mes, 1111411, 111 111111 1111111111 141411111111111113114111111
411141141- 411111 1111111411 1111111114, 11..) 14111 11111 naa-999
411141411111111114, 4114111111 1141111411114 111· 909
441Ι 1111111111). 1111111111 et: 1111111111) beneficiis· affines
ν 4444 14, 1144, 1114111114 1111113. 4111111111), 99s. 141
,11111111 9999.. 1111 9999 9299 99¹9ss 111 1111113 111-
4111131111411111118 1111111011) 1111114011) Dei
411111. 43 411111 41111111111111 111111 1111111111 11,
’ 4111111111 1111111411 14111114111114111 11111114 141111
111414111111114414141111111111)1111111111. (4101111114)
11111111 41111111.. 99 (4411111 1411111) Β1441111111111
14111111 Deos 1114111111) 111411111111111 111111111-
111, 1111114111 cert ,1) affe-9999, 11111110 411111111111114
1-1).111111114111111141111 4111111111 9os 4111111111, 999-
1111111 1111111111 41141,- 99 111111 11011 obtemperastis

 

